GEN2:010567000000000000004147    4     1.605702911834783     92.0
GEN2:0096150000000000000015D4    1     2.007128639793479     115.0
GEN2:300833B2DDD9014000000000    1     0.5759586531581288     33.0
GEN2:0096150000000000000015D4    4     1.5184364492350666     87.0
GEN2:010770000000000000000232    1     2.9321531433504737     168.0
GEN2:0101460000000000000005E1    1     1.5707963267948966     90.0
GEN2:300833B2DDD9014000000000    4     1.5184364492350666     87.0
GEN2:010770000000000000000232    4     1.413716694115407     81.0
GEN2:00040400000000000000204C    4     1.4660765716752369     84.0
GEN2:00040400000000000000204C    1     2.3911010752322315     137.0

GEN2:010567000000000000004147    4     1.605702911834783     92.0
GEN2:0096150000000000000015D4    1     1.6580627893946132     95.0
GEN2:300833B2DDD9014000000000    1     2.9321531433504737     168.0
GEN2:0096150000000000000015D4    4     1.710422666954443     98.0
GEN2:0101460000000000000005E1    1     1.5707963267948966     90.0
GEN2:010770000000000000000232    1     2.9845130209103035     171.0
GEN2:300833B2DDD9014000000000    4     1.710422666954443     98.0
GEN2:010770000000000000000232    4     1.4660765716752369     84.0
GEN2:00040400000000000000204C    4     1.605702911834783     92.0
GEN2:00040400000000000000204C    1     1.7627825445142729     101.0

GEN2:010567000000000000004147    4     1.4660765716752369     84.0
GEN2:0096150000000000000015D4    1     1.902408884673819     109.0
GEN2:300833B2DDD9014000000000    1     3.036872898470133     174.0
GEN2:0096150000000000000015D4    4     1.605702911834783     92.0
GEN2:010770000000000000000232    1     3.036872898470133     174.0
GEN2:0101460000000000000005E1    1     1.3089969389957472     75.0
GEN2:010770000000000000000232    4     1.4660765716752369     84.0
GEN2:300833B2DDD9014000000000    4     1.710422666954443     98.0
GEN2:00040400000000000000204C    4     1.6580627893946132     95.0
GEN2:00040400000000000000204C    1     1.902408884673819     109.0

GEN2:010567000000000000004147    4     1.4660765716752369     84.0
GEN2:0096150000000000000015D4    1     1.7627825445142729     101.0
GEN2:300833B2DDD9014000000000    1     3.036872898470133     174.0
GEN2:0096150000000000000015D4    4     1.6580627893946132     95.0
GEN2:0101460000000000000005E1    1     1.710422666954443     98.0
GEN2:010770000000000000000232    1     2.9321531433504737     168.0
GEN2:300833B2DDD9014000000000    4     1.4660765716752369     84.0
GEN2:010770000000000000000232    4     1.4660765716752369     84.0
GEN2:00040400000000000000204C    4     1.4660765716752369     84.0
GEN2:00040400000000000000204C    1     1.902408884673819     109.0

GEN2:010567000000000000004147    4     1.710422666954443     98.0
GEN2:0096150000000000000015D4    1     2.0943951023931953     120.0
GEN2:300833B2DDD9014000000000    1     2.9845130209103035     171.0
GEN2:0096150000000000000015D4    4     1.6580627893946132     95.0
GEN2:010770000000000000000232    1     2.844886680750757     163.0
GEN2:0101460000000000000005E1    1     1.4660765716752369     84.0
GEN2:300833B2DDD9014000000000    4     1.6580627893946132     95.0
GEN2:010770000000000000000232    4     1.4660765716752369     84.0
GEN2:00040400000000000000204C    4     1.605702911834783     92.0
GEN2:00040400000000000000204C    1     1.9547687622336491     112.0

GEN2:010567000000000000004147    4     1.4660765716752369     84.0
GEN2:0096150000000000000015D4    1     1.8151424220741028     104.0
GEN2:300833B2DDD9014000000000    1     0.0     0.0
GEN2:0096150000000000000015D4    4     1.605702911834783     92.0
GEN2:0101460000000000000005E1    1     1.6580627893946132     95.0
GEN2:010770000000000000000232    1     2.9321531433504737     168.0
GEN2:300833B2DDD9014000000000    4     1.5184364492350666     87.0
GEN2:010770000000000000000232    4     1.413716694115407     81.0
GEN2:00040400000000000000204C    4     1.6580627893946132     95.0
GEN2:00040400000000000000204C    1     2.251474735072685     129.0

GEN2:010567000000000000004147    4     1.5707963267948966     90.0
GEN2:0096150000000000000015D4    1     1.8500490071139892     106.0
GEN2:300833B2DDD9014000000000    1     3.036872898470133     174.0
GEN2:0096150000000000000015D4    4     1.6580627893946132     95.0
GEN2:0101460000000000000005E1    1     1.7627825445142729     101.0
GEN2:010770000000000000000232    1     2.740166925631097     157.0
GEN2:300833B2DDD9014000000000    4     1.6580627893946132     95.0
GEN2:010770000000000000000232    4     1.413716694115407     81.0
GEN2:00040400000000000000204C    4     1.413716694115407     81.0
GEN2:00040400000000000000204C    1     2.251474735072685     129.0

GEN2:010567000000000000004147    4     1.5707963267948966     90.0
GEN2:0096150000000000000015D4    1     1.902408884673819     109.0
GEN2:300833B2DDD9014000000000    1     0.24434609527920614     14.0
GEN2:0096150000000000000015D4    4     1.5707963267948966     90.0
GEN2:0101460000000000000005E1    1     1.605702911834783     92.0
GEN2:010770000000000000000232    1     2.792526803190927     160.0
GEN2:300833B2DDD9014000000000    4     1.8151424220741028     104.0
GEN2:010770000000000000000232    4     1.413716694115407     81.0
GEN2:00040400000000000000204C    4     1.605702911834783     92.0
GEN2:00040400000000000000204C    1     2.356194490192345     135.0

GEN2:010567000000000000004147    4     1.5184364492350666     87.0
GEN2:0096150000000000000015D4    1     2.251474735072685     129.0
GEN2:300833B2DDD9014000000000    1     2.844886680750757     163.0
GEN2:0096150000000000000015D4    4     1.5707963267948966     90.0
GEN2:0101460000000000000005E1    1     1.8151424220741028     104.0
GEN2:010770000000000000000232    1     0.03490658503988659     2.0
GEN2:300833B2DDD9014000000000    4     1.413716694115407     81.0
GEN2:010770000000000000000232    4     1.413716694115407     81.0
GEN2:00040400000000000000204C    4     1.605702911834783     92.0
GEN2:00040400000000000000204C    1     2.303834612632515     132.0

GEN2:010567000000000000004147    4     1.5184364492350666     87.0
GEN2:0096150000000000000015D4    1     1.8151424220741028     104.0
GEN2:300833B2DDD9014000000000    1     2.548180707911721     146.0
GEN2:0096150000000000000015D4    4     1.5184364492350666     87.0
GEN2:0101460000000000000005E1    1     1.605702911834783     92.0
GEN2:010770000000000000000232    1     2.8797932657906435     165.0
GEN2:010770000000000000000232    4     1.4660765716752369     84.0
GEN2:300833B2DDD9014000000000    4     1.6580627893946132     95.0
GEN2:00040400000000000000204C    4     1.4660765716752369     84.0
GEN2:00040400000000000000204C    1     2.251474735072685     129.0

GEN2:010567000000000000004147    4     1.413716694115407     81.0
GEN2:0096150000000000000015D4    1     2.0943951023931953     120.0
GEN2:300833B2DDD9014000000000    1     2.8797932657906435     165.0
GEN2:0096150000000000000015D4    4     1.5707963267948966     90.0
GEN2:0101460000000000000005E1    1     1.6580627893946132     95.0
GEN2:010770000000000000000232    1     2.844886680750757     163.0
GEN2:300833B2DDD9014000000000    4     1.8151424220741028     104.0
GEN2:010770000000000000000232    4     1.5184364492350666     87.0
GEN2:00040400000000000000204C    4     1.6580627893946132     95.0
GEN2:00040400000000000000204C    1     2.0943951023931953     120.0

GEN2:010567000000000000004147    4     1.4660765716752369     84.0
GEN2:0096150000000000000015D4    1     1.605702911834783     92.0
GEN2:300833B2DDD9014000000000    1     2.600540585471551     149.0
GEN2:0096150000000000000015D4    4     1.5184364492350666     87.0
GEN2:010770000000000000000232    1     2.740166925631097     157.0
GEN2:0101460000000000000005E1    1     1.2740903539558606     73.0
GEN2:300833B2DDD9014000000000    4     1.6580627893946132     95.0
GEN2:010770000000000000000232    4     1.5184364492350666     87.0
GEN2:00040400000000000000204C    4     1.5707963267948966     90.0
GEN2:00040400000000000000204C    1     2.0594885173533086     118.0

GEN2:010567000000000000004147    4     1.4660765716752369     84.0
GEN2:0096150000000000000015D4    1     1.7627825445142729     101.0
GEN2:300833B2DDD9014000000000    1     3.036872898470133     174.0
GEN2:0096150000000000000015D4    4     1.710422666954443     98.0
GEN2:0101460000000000000005E1    1     1.7627825445142729     101.0
GEN2:010770000000000000000232    1     2.8797932657906435     165.0
GEN2:300833B2DDD9014000000000    4     1.605702911834783     92.0
GEN2:010770000000000000000232    4     1.4660765716752369     84.0
GEN2:00040400000000000000204C    4     1.605702911834783     92.0
GEN2:00040400000000000000204C    1     1.9547687622336491     112.0

GEN2:010567000000000000004147    4     1.361356816555577     78.0
GEN2:0096150000000000000015D4    1     1.710422666954443     98.0
GEN2:300833B2DDD9014000000000    1     2.792526803190927     160.0
GEN2:0096150000000000000015D4    4     1.8500490071139892     106.0
GEN2:010770000000000000000232    1     2.792526803190927     160.0
GEN2:0101460000000000000005E1    1     1.6580627893946132     95.0
GEN2:300833B2DDD9014000000000    4     1.6580627893946132     95.0
GEN2:010770000000000000000232    4     1.5184364492350666     87.0
GEN2:00040400000000000000204C    4     1.6580627893946132     95.0
GEN2:00040400000000000000204C    1     2.199114857512855     126.0

GEN2:010567000000000000004147    4     1.9547687622336491     112.0
GEN2:0096150000000000000015D4    1     1.902408884673819     109.0
GEN2:300833B2DDD9014000000000    1     2.6878070480712677     154.0
GEN2:0096150000000000000015D4    4     1.605702911834783     92.0
GEN2:0101460000000000000005E1    1     1.4660765716752369     84.0
GEN2:010770000000000000000232    1     2.9321531433504737     168.0
GEN2:300833B2DDD9014000000000    4     1.7627825445142729     101.0
GEN2:010770000000000000000232    4     1.4660765716752369     84.0
GEN2:00040400000000000000204C    4     1.7627825445142729     101.0
GEN2:00040400000000000000204C    1     2.0943951023931953     120.0

GEN2:010567000000000000004147    4     1.5707963267948966     90.0
GEN2:0096150000000000000015D4    1     1.8151424220741028     104.0
GEN2:300833B2DDD9014000000000    1     2.792526803190927     160.0
GEN2:0096150000000000000015D4    4     1.5184364492350666     87.0
GEN2:010770000000000000000232    1     3.036872898470133     174.0
GEN2:0101460000000000000005E1    1     1.605702911834783     92.0
GEN2:300833B2DDD9014000000000    4     1.605702911834783     92.0
GEN2:010770000000000000000232    4     1.3089969389957472     75.0
GEN2:00040400000000000000204C    4     1.6580627893946132     95.0
GEN2:00040400000000000000204C    1     2.0943951023931953     120.0

GEN2:010567000000000000004147    4     1.5707963267948966     90.0
GEN2:0096150000000000000015D4    1     1.710422666954443     98.0
GEN2:300833B2DDD9014000000000    1     3.0892327760299634     177.0
GEN2:0096150000000000000015D4    4     1.605702911834783     92.0
GEN2:0101460000000000000005E1    1     1.5707963267948966     90.0
GEN2:010770000000000000000232    1     2.9845130209103035     171.0
GEN2:300833B2DDD9014000000000    4     1.5707963267948966     90.0
GEN2:010770000000000000000232    4     1.5184364492350666     87.0
GEN2:00040400000000000000204C    4     1.710422666954443     98.0
GEN2:00040400000000000000204C    1     2.007128639793479     115.0

GEN2:010567000000000000004147    4     1.605702911834783     92.0
GEN2:0096150000000000000015D4    1     2.251474735072685     129.0
GEN2:300833B2DDD9014000000000    1     3.0892327760299634     177.0
GEN2:0096150000000000000015D4    4     1.710422666954443     98.0
GEN2:010770000000000000000232    1     2.8797932657906435     165.0
GEN2:0101460000000000000005E1    1     1.7627825445142729     101.0
GEN2:300833B2DDD9014000000000    4     1.7627825445142729     101.0
GEN2:010770000000000000000232    4     1.5184364492350666     87.0
GEN2:00040400000000000000204C    4     1.6580627893946132     95.0
GEN2:00040400000000000000204C    1     1.7627825445142729     101.0

GEN2:010567000000000000004147    4     1.5184364492350666     87.0
GEN2:0096150000000000000015D4    1     2.007128639793479     115.0
GEN2:300833B2DDD9014000000000    1     2.740166925631097     157.0
GEN2:0096150000000000000015D4    4     1.5707963267948966     90.0
GEN2:0101460000000000000005E1    1     1.605702911834783     92.0
GEN2:010770000000000000000232    1     2.792526803190927     160.0
GEN2:300833B2DDD9014000000000    4     1.710422666954443     98.0
GEN2:010770000000000000000232    4     1.5184364492350666     87.0
GEN2:00040400000000000000204C    4     1.361356816555577     78.0
GEN2:00040400000000000000204C    1     1.8151424220741028     104.0

GEN2:010567000000000000004147    4     1.6580627893946132     95.0
GEN2:0096150000000000000015D4    1     1.902408884673819     109.0
GEN2:300833B2DDD9014000000000    1     0.3316125578789226     19.0
GEN2:0096150000000000000015D4    4     1.7627825445142729     101.0
GEN2:010770000000000000000232    1     2.844886680750757     163.0
GEN2:0101460000000000000005E1    1     1.5707963267948966     90.0
GEN2:300833B2DDD9014000000000    4     1.6580627893946132     95.0
GEN2:010770000000000000000232    4     1.4660765716752369     84.0
GEN2:00040400000000000000204C    4     1.8151424220741028     104.0
GEN2:00040400000000000000204C    1     2.0594885173533086     118.0

END OF TEST RUN FOR 3 sec
GEN2:010567000000000000004147    4     1.4660765716752369     84.0
GEN2:010567000000000000004147    3     1.4660765716752369     84.0
GEN2:010770000000000000000232    3     1.4660765716752369     84.0
GEN2:300833B2DDD9014000000000    3     1.7627825445142729     101.0
GEN2:0096150000000000000015D4    1     1.9547687622336491     112.0
GEN2:0101460000000000000005E1    1     1.4660765716752369     84.0
GEN2:010770000000000000000232    1     2.9845130209103035     171.0
GEN2:010770000000000000000232    4     1.361356816555577     78.0
GEN2:300833B2DDD9014000000000    4     1.8500490071139892     106.0
GEN2:00040400000000000000204C    4     1.5184364492350666     87.0
GEN2:00040400000000000000204C    1     2.251474735072685     129.0

GEN2:010567000000000000004147    4     1.4660765716752369     84.0
GEN2:010567000000000000004147    3     1.5707963267948966     90.0
GEN2:010770000000000000000232    3     1.413716694115407     81.0
GEN2:300833B2DDD9014000000000    3     1.5184364492350666     87.0
GEN2:0096150000000000000015D4    1     1.9547687622336491     112.0
GEN2:010770000000000000000232    1     2.8797932657906435     165.0
GEN2:0101460000000000000005E1    1     1.605702911834783     92.0
GEN2:00040400000000000000204C    4     1.710422666954443     98.0
GEN2:00040400000000000000204C    1     2.303834612632515     132.0

GEN2:010770000000000000000232    3     1.4660765716752369     84.0
GEN2:300833B2DDD9014000000000    3     1.710422666954443     98.0
GEN2:0096150000000000000015D4    1     1.7627825445142729     101.0
GEN2:300833B2DDD9014000000000    1     2.356194490192345     135.0
GEN2:010770000000000000000232    1     0.0     0.0
GEN2:0101460000000000000005E1    1     1.6580627893946132     95.0
GEN2:00040400000000000000204C    1     1.9547687622336491     112.0

GEN2:010567000000000000004147    3     1.5184364492350666     87.0
GEN2:010770000000000000000232    3     1.413716694115407     81.0
GEN2:300833B2DDD9014000000000    3     1.413716694115407     81.0
GEN2:0096150000000000000015D4    1     2.1467549799530254     123.0
GEN2:0101460000000000000005E1    1     1.5184364492350666     87.0
GEN2:010770000000000000000232    1     3.0892327760299634     177.0
GEN2:010770000000000000000232    4     1.413716694115407     81.0
GEN2:00040400000000000000204C    1     2.1467549799530254     123.0

GEN2:010567000000000000004147    3     1.5707963267948966     90.0
GEN2:010770000000000000000232    3     1.2740903539558606     73.0
GEN2:300833B2DDD9014000000000    3     1.605702911834783     92.0
GEN2:0096150000000000000015D4    1     2.0594885173533086     118.0
GEN2:0096150000000000000015D4    4     1.605702911834783     92.0
GEN2:0101460000000000000005E1    1     1.710422666954443     98.0
GEN2:010770000000000000000232    1     2.844886680750757     163.0
GEN2:010770000000000000000232    4     1.4660765716752369     84.0
GEN2:00040400000000000000204C    1     2.1467549799530254     123.0

GEN2:010567000000000000004147    3     1.361356816555577     78.0
GEN2:010770000000000000000232    3     1.413716694115407     81.0
GEN2:300833B2DDD9014000000000    3     1.8151424220741028     104.0
GEN2:0096150000000000000015D4    1     1.9547687622336491     112.0
GEN2:0101460000000000000005E1    1     1.605702911834783     92.0
GEN2:010770000000000000000232    1     2.9321531433504737     168.0
GEN2:00040400000000000000204C    1     2.303834612632515     132.0

GEN2:010567000000000000004147    4     1.2740903539558606     73.0
GEN2:010567000000000000004147    3     1.4660765716752369     84.0
GEN2:010770000000000000000232    3     1.4660765716752369     84.0
GEN2:300833B2DDD9014000000000    3     1.710422666954443     98.0
GEN2:0096150000000000000015D4    1     2.199114857512855     126.0
GEN2:0101460000000000000005E1    1     1.7627825445142729     101.0
GEN2:010770000000000000000232    1     3.036872898470133     174.0
GEN2:010770000000000000000232    4     1.5184364492350666     87.0
GEN2:00040400000000000000204C    4     1.5707963267948966     90.0
GEN2:00040400000000000000204C    1     2.3911010752322315     137.0

GEN2:010567000000000000004147    4     1.605702911834783     92.0
GEN2:010567000000000000004147    3     1.7627825445142729     101.0
GEN2:010770000000000000000232    3     1.4660765716752369     84.0
GEN2:300833B2DDD9014000000000    3     1.6580627893946132     95.0
GEN2:0096150000000000000015D4    1     1.902408884673819     109.0
GEN2:0096150000000000000015D4    4     1.605702911834783     92.0
GEN2:0101460000000000000005E1    1     1.6580627893946132     95.0
GEN2:010770000000000000000232    1     3.036872898470133     174.0
GEN2:300833B2DDD9014000000000    4     1.710422666954443     98.0
GEN2:010770000000000000000232    4     1.5707963267948966     90.0
GEN2:00040400000000000000204C    4     1.710422666954443     98.0
GEN2:00040400000000000000204C    1     2.1467549799530254     123.0

GEN2:010567000000000000004147    3     1.6580627893946132     95.0
GEN2:010770000000000000000232    3     1.2740903539558606     73.0
GEN2:300833B2DDD9014000000000    3     1.6580627893946132     95.0
GEN2:0096150000000000000015D4    1     1.902408884673819     109.0
GEN2:300833B2DDD9014000000000    1     0.3839724354387525     22.0
GEN2:010770000000000000000232    1     2.740166925631097     157.0
GEN2:0101460000000000000005E1    1     1.7627825445142729     101.0
GEN2:00040400000000000000204C    1     2.251474735072685     129.0

GEN2:010567000000000000004147    3     1.361356816555577     78.0
GEN2:010770000000000000000232    3     1.413716694115407     81.0
GEN2:0096150000000000000015D4    1     2.007128639793479     115.0
GEN2:0101460000000000000005E1    1     1.710422666954443     98.0
GEN2:010770000000000000000232    1     2.4958208303518914     143.0
GEN2:00040400000000000000204C    1     2.600540585471551     149.0

GEN2:010567000000000000004147    4     1.4660765716752369     84.0
GEN2:010567000000000000004147    3     1.5707963267948966     90.0
GEN2:010770000000000000000232    3     1.361356816555577     78.0
GEN2:0096150000000000000015D4    1     2.0943951023931953     120.0
GEN2:0096150000000000000015D4    4     1.7627825445142729     101.0
GEN2:0101460000000000000005E1    1     1.8151424220741028     104.0
GEN2:010770000000000000000232    1     2.844886680750757     163.0
GEN2:300833B2DDD9014000000000    4     2.0594885173533086     118.0
GEN2:010770000000000000000232    4     1.3089969389957472     75.0
GEN2:00040400000000000000204C    1     2.600540585471551     149.0

GEN2:010567000000000000004147    3     1.5184364492350666     87.0
GEN2:010770000000000000000232    3     1.4660765716752369     84.0
GEN2:0096150000000000000015D4    1     1.9547687622336491     112.0
GEN2:0101460000000000000005E1    1     1.7627825445142729     101.0
GEN2:010770000000000000000232    1     2.8797932657906435     165.0
GEN2:00040400000000000000204C    1     2.3911010752322315     137.0

GEN2:010567000000000000004147    4     1.7627825445142729     101.0
GEN2:010567000000000000004147    3     1.5707963267948966     90.0
GEN2:010770000000000000000232    3     1.5184364492350666     87.0
GEN2:0096150000000000000015D4    1     1.902408884673819     109.0
GEN2:010770000000000000000232    1     3.036872898470133     174.0
GEN2:0101460000000000000005E1    1     1.5184364492350666     87.0
GEN2:010770000000000000000232    4     1.5707963267948966     90.0
GEN2:300833B2DDD9014000000000    4     1.5184364492350666     87.0
GEN2:0101460000000000000005E1    4     1.5184364492350666     87.0
GEN2:00040400000000000000204C    1     2.4958208303518914     143.0

GEN2:010567000000000000004147    4     1.605702911834783     92.0
GEN2:010567000000000000004147    3     1.605702911834783     92.0
GEN2:010770000000000000000232    3     1.5707963267948966     90.0
GEN2:0096150000000000000015D4    1     1.9547687622336491     112.0
GEN2:300833B2DDD9014000000000    1     2.1467549799530254     123.0
GEN2:0101460000000000000005E1    1     1.8151424220741028     104.0
GEN2:010770000000000000000232    1     2.740166925631097     157.0
GEN2:300833B2DDD9014000000000    4     1.5184364492350666     87.0
GEN2:010770000000000000000232    4     1.5184364492350666     87.0
GEN2:0101460000000000000005E1    4     1.3089969389957472     75.0
GEN2:00040400000000000000204C    4     1.710422666954443     98.0
GEN2:00040400000000000000204C    1     2.4958208303518914     143.0

GEN2:00040400000000000000204C    3     1.710422666954443     98.0
GEN2:010567000000000000004147    3     1.361356816555577     78.0
GEN2:0096150000000000000015D4    1     2.251474735072685     129.0
GEN2:0107110000000000000000FB    4     1.6580627893946132     95.0
GEN2:010770000000000000000232    1     0.0     0.0
GEN2:0101460000000000000005E1    1     2.4958208303518914     143.0
GEN2:00040400000000000000204C    1     1.8151424220741028     104.0

GEN2:010567000000000000004147    3     1.605702911834783     92.0
GEN2:010770000000000000000232    3     1.4660765716752369     84.0
GEN2:300833B2DDD9014000000000    3     1.605702911834783     92.0
GEN2:0096150000000000000015D4    1     2.303834612632515     132.0
GEN2:0101460000000000000005E1    1     2.3911010752322315     137.0
GEN2:010770000000000000000232    1     0.4363323129985824     25.0
GEN2:300833B2DDD9014000000000    4     1.710422666954443     98.0
GEN2:010770000000000000000232    4     1.3089969389957472     75.0
GEN2:0101460000000000000005E1    4     1.710422666954443     98.0
GEN2:00040400000000000000204C    4     1.5184364492350666     87.0
GEN2:00040400000000000000204C    1     2.007128639793479     115.0

GEN2:00040400000000000000204C    3     1.4660765716752369     84.0
GEN2:010567000000000000004147    3     1.5184364492350666     87.0
GEN2:010770000000000000000232    3     1.3089969389957472     75.0
GEN2:300833B2DDD9014000000000    3     1.5707963267948966     90.0
GEN2:0096150000000000000015D4    1     1.605702911834783     92.0
GEN2:0101460000000000000005E1    1     1.9547687622336491     112.0
GEN2:010770000000000000000232    1     0.03490658503988659     2.0
GEN2:300833B2DDD9014000000000    4     1.6580627893946132     95.0
GEN2:010770000000000000000232    4     1.6580627893946132     95.0
GEN2:00040400000000000000204C    1     1.710422666954443     98.0

GEN2:00040400000000000000204C    3     1.5707963267948966     90.0
GEN2:010567000000000000004147    3     1.4660765716752369     84.0
GEN2:300833B2DDD9014000000000    3     1.6580627893946132     95.0
GEN2:0096150000000000000015D4    1     1.8500490071139892     106.0
GEN2:0096150000000000000015D4    4     1.5707963267948966     90.0
GEN2:0101460000000000000005E1    1     2.0943951023931953     120.0
GEN2:010770000000000000000232    1     3.0892327760299634     177.0
GEN2:010770000000000000000232    4     1.413716694115407     81.0
GEN2:300833B2DDD9014000000000    4     1.6580627893946132     95.0
GEN2:00040400000000000000204C    4     1.605702911834783     92.0
GEN2:00040400000000000000204C    1     2.0594885173533086     118.0

GEN2:010567000000000000004147    4     1.2740903539558606     73.0
GEN2:00040400000000000000204C    3     1.4660765716752369     84.0
GEN2:010567000000000000004147    3     1.5707963267948966     90.0
GEN2:300833B2DDD9014000000000    3     1.4660765716752369     84.0
GEN2:0096150000000000000015D4    1     1.902408884673819     109.0
GEN2:0096150000000000000015D4    4     1.5707963267948966     90.0
GEN2:010770000000000000000232    1     0.3316125578789226     19.0
GEN2:0101460000000000000005E1    1     1.8500490071139892     106.0
GEN2:300833B2DDD9014000000000    4     1.5707963267948966     90.0
GEN2:010770000000000000000232    4     1.3089969389957472     75.0
GEN2:00040400000000000000204C    1     2.356194490192345     135.0

GEN2:010567000000000000004147    4     1.3089969389957472     75.0
GEN2:00040400000000000000204C    3     1.4660765716752369     84.0
GEN2:010567000000000000004147    3     1.5184364492350666     87.0
GEN2:300833B2DDD9014000000000    3     1.7627825445142729     101.0
GEN2:0096150000000000000015D4    1     2.356194490192345     135.0
GEN2:0101460000000000000005E1    1     2.199114857512855     126.0
GEN2:010770000000000000000232    1     2.9845130209103035     171.0
GEN2:010770000000000000000232    4     1.5184364492350666     87.0
GEN2:300833B2DDD9014000000000    4     1.7627825445142729     101.0
GEN2:00040400000000000000204C    1     2.600540585471551     149.0

END OF TEST RUN FOR 3 sec
