arctan(104/77)
= 53 degrees

GEN2:300833B2DDD9014000000000    3     1.3089969389957472     75.0
GEN2:300833B2DDD9014000000000    1     0.13962634015954636     8.0
GEN2:300833B2DDD9014000000000    4     0.5235987755982988     30.0

GEN2:300833B2DDD9014000000000    3     1.1693705988362006     67.0
GEN2:300833B2DDD9014000000000    1     0.19198621771937624     11.0
GEN2:300833B2DDD9014000000000    4     0.3839724354387525     22.0

GEN2:300833B2DDD9014000000000    3     1.064650843716541     61.0
GEN2:300833B2DDD9014000000000    1     0.08726646259971647     5.0
GEN2:300833B2DDD9014000000000    4     0.5759586531581288     33.0

GEN2:300833B2DDD9014000000000    3     1.117010721276371     64.0
GEN2:300833B2DDD9014000000000    1     2.740166925631097     157.0
GEN2:300833B2DDD9014000000000    4     0.5235987755982988     30.0

GEN2:300833B2DDD9014000000000    3     1.2217304763960306     70.0
GEN2:300833B2DDD9014000000000    1     0.0     0.0
GEN2:300833B2DDD9014000000000    4     0.7853981633974483     45.0

GEN2:300833B2DDD9014000000000    3     1.0297442586766543     59.0
GEN2:300833B2DDD9014000000000    1     3.0892327760299634     177.0
GEN2:300833B2DDD9014000000000    4     0.6283185307179586     36.0

GEN2:300833B2DDD9014000000000    3     1.064650843716541     61.0
GEN2:300833B2DDD9014000000000    1     2.740166925631097     157.0
GEN2:300833B2DDD9014000000000    4     0.6283185307179586     36.0

GEN2:300833B2DDD9014000000000    3     0.9773843811168246     56.0
GEN2:300833B2DDD9014000000000    1     3.0892327760299634     177.0
GEN2:300833B2DDD9014000000000    4     0.4363323129985824     25.0

GEN2:300833B2DDD9014000000000    3     1.2217304763960306     70.0
GEN2:300833B2DDD9014000000000    1     0.08726646259971647     5.0
GEN2:300833B2DDD9014000000000    4     0.7853981633974483     45.0

GEN2:300833B2DDD9014000000000    3     1.2217304763960306     70.0
GEN2:300833B2DDD9014000000000    1     3.036872898470133     174.0
GEN2:300833B2DDD9014000000000    4     0.3316125578789226     19.0

GEN2:300833B2DDD9014000000000    3     1.117010721276371     64.0
GEN2:300833B2DDD9014000000000    1     0.08726646259971647     5.0
GEN2:300833B2DDD9014000000000    4     0.6806784082777885     39.0

GEN2:300833B2DDD9014000000000    3     1.1693705988362006     67.0
GEN2:300833B2DDD9014000000000    1     0.19198621771937624     11.0
GEN2:300833B2DDD9014000000000    4     0.3316125578789226     19.0

GEN2:300833B2DDD9014000000000    3     0.8203047484373349     47.0
GEN2:300833B2DDD9014000000000    1     3.036872898470133     174.0
GEN2:300833B2DDD9014000000000    4     0.4363323129985824     25.0

GEN2:300833B2DDD9014000000000    3     1.1693705988362006     67.0
GEN2:300833B2DDD9014000000000    1     2.844886680750757     163.0
GEN2:300833B2DDD9014000000000    4     0.3316125578789226     19.0

GEN2:300833B2DDD9014000000000    3     1.2217304763960306     70.0
GEN2:300833B2DDD9014000000000    1     2.9321531433504737     168.0
GEN2:300833B2DDD9014000000000    4     0.9773843811168246     56.0

GEN2:300833B2DDD9014000000000    3     0.8203047484373349     47.0
GEN2:300833B2DDD9014000000000    1     0.19198621771937624     11.0
GEN2:300833B2DDD9014000000000    4     1.0297442586766543     59.0

GEN2:300833B2DDD9014000000000    3     1.0297442586766543     59.0
GEN2:300833B2DDD9014000000000    1     2.9321531433504737     168.0
GEN2:300833B2DDD9014000000000    4     0.3839724354387525     22.0

GEN2:300833B2DDD9014000000000    3     0.9773843811168246     56.0
GEN2:300833B2DDD9014000000000    1     0.24434609527920614     14.0
GEN2:300833B2DDD9014000000000    4     0.9250245035569946     53.0

GEN2:300833B2DDD9014000000000    3     1.117010721276371     64.0
GEN2:300833B2DDD9014000000000    1     0.2792526803190927     16.0
GEN2:300833B2DDD9014000000000    4     0.6806784082777885     39.0

GEN2:300833B2DDD9014000000000    3     1.2217304763960306     70.0
GEN2:300833B2DDD9014000000000    1     2.9321531433504737     168.0
GEN2:300833B2DDD9014000000000    4     0.5235987755982988     30.0

END OF TEST RUN FOR 3 sec


GEN2:300833B2DDD9014000000000    3     1.117010721276371     64.0
GEN2:300833B2DDD9014000000000    1     0.03490658503988659     2.0
GEN2:300833B2DDD9014000000000    4     2.740166925631097     157.0

GEN2:300833B2DDD9014000000000    3     0.4363323129985824     25.0
GEN2:300833B2DDD9014000000000    1     3.036872898470133     174.0
GEN2:300833B2DDD9014000000000    4     2.740166925631097     157.0

GEN2:300833B2DDD9014000000000    3     1.117010721276371     64.0
GEN2:300833B2DDD9014000000000    1     2.9845130209103035     171.0
GEN2:300833B2DDD9014000000000    4     2.792526803190927     160.0

GEN2:300833B2DDD9014000000000    3     1.1693705988362006     67.0
GEN2:300833B2DDD9014000000000    1     0.2792526803190927     16.0
GEN2:300833B2DDD9014000000000    4     3.036872898470133     174.0

GEN2:300833B2DDD9014000000000    3     1.117010721276371     64.0
GEN2:300833B2DDD9014000000000    1     0.08726646259971647     5.0
GEN2:300833B2DDD9014000000000    4     2.600540585471551     149.0

GEN2:300833B2DDD9014000000000    3     0.7853981633974483     45.0
GEN2:300833B2DDD9014000000000    1     2.844886680750757     163.0
GEN2:300833B2DDD9014000000000    4     2.740166925631097     157.0

GEN2:300833B2DDD9014000000000    3     1.064650843716541     61.0
GEN2:300833B2DDD9014000000000    1     0.13962634015954636     8.0
GEN2:300833B2DDD9014000000000    4     2.9321531433504737     168.0

GEN2:300833B2DDD9014000000000    3     1.1693705988362006     67.0
GEN2:300833B2DDD9014000000000    1     0.0     0.0
GEN2:300833B2DDD9014000000000    4     2.6878070480712677     154.0

GEN2:300833B2DDD9014000000000    3     0.9773843811168246     56.0
GEN2:300833B2DDD9014000000000    1     0.13962634015954636     8.0
GEN2:300833B2DDD9014000000000    4     2.6878070480712677     154.0

GEN2:300833B2DDD9014000000000    3     1.0297442586766543     59.0
GEN2:300833B2DDD9014000000000    1     0.3316125578789226     19.0
GEN2:300833B2DDD9014000000000    4     2.792526803190927     160.0

GEN2:300833B2DDD9014000000000    3     0.7330382858376184     42.0
GEN2:300833B2DDD9014000000000    1     0.0     0.0
GEN2:300833B2DDD9014000000000    4     2.6354471705114375     151.0

GEN2:300833B2DDD9014000000000    3     0.7853981633974483     45.0
GEN2:300833B2DDD9014000000000    1     2.9321531433504737     168.0
GEN2:300833B2DDD9014000000000    4     2.6878070480712677     154.0

GEN2:300833B2DDD9014000000000    3     0.9250245035569946     53.0
GEN2:300833B2DDD9014000000000    1     0.3839724354387525     22.0
GEN2:300833B2DDD9014000000000    4     2.9321531433504737     168.0

GEN2:300833B2DDD9014000000000    3     0.9250245035569946     53.0
GEN2:300833B2DDD9014000000000    1     0.3316125578789226     19.0
GEN2:300833B2DDD9014000000000    4     2.548180707911721     146.0

GEN2:300833B2DDD9014000000000    3     1.064650843716541     61.0
GEN2:300833B2DDD9014000000000    1     0.2792526803190927     16.0
GEN2:300833B2DDD9014000000000    4     2.8797932657906435     165.0

GEN2:300833B2DDD9014000000000    3     0.9773843811168246     56.0
GEN2:300833B2DDD9014000000000    1     0.03490658503988659     2.0
GEN2:300833B2DDD9014000000000    4     2.844886680750757     163.0

GEN2:300833B2DDD9014000000000    3     0.9773843811168246     56.0
GEN2:300833B2DDD9014000000000    1     0.13962634015954636     8.0
GEN2:300833B2DDD9014000000000    4     2.600540585471551     149.0

GEN2:300833B2DDD9014000000000    3     0.9773843811168246     56.0
GEN2:300833B2DDD9014000000000    1     2.8797932657906435     165.0
GEN2:300833B2DDD9014000000000    4     2.6878070480712677     154.0

GEN2:300833B2DDD9014000000000    3     0.7853981633974483     45.0
GEN2:300833B2DDD9014000000000    1     0.08726646259971647     5.0
GEN2:300833B2DDD9014000000000    4     2.792526803190927     160.0

GEN2:300833B2DDD9014000000000    3     0.8726646259971648     50.0
GEN2:300833B2DDD9014000000000    1     0.0     0.0
GEN2:300833B2DDD9014000000000    4     2.740166925631097     157.0

END OF TEST RUN FOR 3 sec
GEN2:300833B2DDD9014000000000    3     0.9250245035569946     53.0
GEN2:300833B2DDD9014000000000    1     2.8797932657906435     165.0
GEN2:300833B2DDD9014000000000    4     2.6878070480712677     154.0

GEN2:300833B2DDD9014000000000    3     0.5759586531581288     33.0
GEN2:300833B2DDD9014000000000    1     0.19198621771937624     11.0
GEN2:300833B2DDD9014000000000    4     2.9321531433504737     168.0

GEN2:300833B2DDD9014000000000    3     1.117010721276371     64.0
GEN2:300833B2DDD9014000000000    1     2.9845130209103035     171.0
GEN2:300833B2DDD9014000000000    4     2.9845130209103035     171.0

GEN2:300833B2DDD9014000000000    3     0.6806784082777885     39.0
GEN2:300833B2DDD9014000000000    1     0.19198621771937624     11.0
GEN2:300833B2DDD9014000000000    4     2.8797932657906435     165.0

GEN2:300833B2DDD9014000000000    3     0.6283185307179586     36.0
GEN2:300833B2DDD9014000000000    1     3.0892327760299634     177.0
GEN2:300833B2DDD9014000000000    4     2.792526803190927     160.0

GEN2:300833B2DDD9014000000000    3     0.8726646259971648     50.0
GEN2:300833B2DDD9014000000000    1     0.13962634015954636     8.0
GEN2:300833B2DDD9014000000000    4     2.792526803190927     160.0

GEN2:300833B2DDD9014000000000    3     0.4363323129985824     25.0
GEN2:300833B2DDD9014000000000    1     3.0892327760299634     177.0
GEN2:300833B2DDD9014000000000    4     2.600540585471551     149.0

GEN2:300833B2DDD9014000000000    3     1.0297442586766543     59.0
GEN2:300833B2DDD9014000000000    1     2.844886680750757     163.0
GEN2:300833B2DDD9014000000000    4     2.844886680750757     163.0

GEN2:300833B2DDD9014000000000    3     1.064650843716541     61.0
GEN2:300833B2DDD9014000000000    1     0.08726646259971647     5.0
GEN2:300833B2DDD9014000000000    4     2.740166925631097     157.0

GEN2:300833B2DDD9014000000000    3     0.7853981633974483     45.0
GEN2:300833B2DDD9014000000000    1     0.3316125578789226     19.0
GEN2:300833B2DDD9014000000000    4     2.6354471705114375     151.0

GEN2:300833B2DDD9014000000000    3     0.8726646259971648     50.0
GEN2:300833B2DDD9014000000000    1     0.0     0.0
GEN2:300833B2DDD9014000000000    4     2.844886680750757     163.0

GEN2:300833B2DDD9014000000000    3     0.9250245035569946     53.0
GEN2:300833B2DDD9014000000000    1     0.24434609527920614     14.0
GEN2:300833B2DDD9014000000000    4     2.6354471705114375     151.0

GEN2:300833B2DDD9014000000000    3     0.9773843811168246     56.0
GEN2:300833B2DDD9014000000000    1     0.03490658503988659     2.0
GEN2:300833B2DDD9014000000000    4     2.6878070480712677     154.0

GEN2:300833B2DDD9014000000000    3     0.9250245035569946     53.0
GEN2:300833B2DDD9014000000000    1     0.03490658503988659     2.0
GEN2:300833B2DDD9014000000000    4     2.792526803190927     160.0

GEN2:300833B2DDD9014000000000    3     1.064650843716541     61.0
GEN2:300833B2DDD9014000000000    1     0.3316125578789226     19.0
GEN2:300833B2DDD9014000000000    4     2.6878070480712677     154.0

GEN2:300833B2DDD9014000000000    3     1.117010721276371     64.0
GEN2:300833B2DDD9014000000000    1     0.24434609527920614     14.0
GEN2:300833B2DDD9014000000000    4     2.740166925631097     157.0

GEN2:300833B2DDD9014000000000    3     0.9250245035569946     53.0
GEN2:300833B2DDD9014000000000    1     2.9321531433504737     168.0
GEN2:300833B2DDD9014000000000    4     2.6878070480712677     154.0

GEN2:300833B2DDD9014000000000    3     1.1693705988362006     67.0
GEN2:300833B2DDD9014000000000    1     0.13962634015954636     8.0
GEN2:300833B2DDD9014000000000    4     2.792526803190927     160.0

GEN2:300833B2DDD9014000000000    3     0.5759586531581288     33.0
GEN2:300833B2DDD9014000000000    1     0.13962634015954636     8.0
GEN2:300833B2DDD9014000000000    4     2.6354471705114375     151.0

GEN2:300833B2DDD9014000000000    3     0.9773843811168246     56.0
GEN2:300833B2DDD9014000000000    1     0.08726646259971647     5.0
GEN2:300833B2DDD9014000000000    4     2.740166925631097     157.0

END OF TEST RUN FOR 3 sec
GEN2:300833B2DDD9014000000000    3     0.8203047484373349     47.0
GEN2:300833B2DDD9014000000000    1     3.0892327760299634     177.0
GEN2:300833B2DDD9014000000000    4     2.6354471705114375     151.0

GEN2:300833B2DDD9014000000000    3     0.6806784082777885     39.0
GEN2:300833B2DDD9014000000000    1     0.0     0.0
GEN2:300833B2DDD9014000000000    4     2.792526803190927     160.0

GEN2:300833B2DDD9014000000000    3     0.8203047484373349     47.0
GEN2:300833B2DDD9014000000000    1     0.3839724354387525     22.0
GEN2:300833B2DDD9014000000000    4     2.792526803190927     160.0

GEN2:300833B2DDD9014000000000    3     0.8203047484373349     47.0
GEN2:300833B2DDD9014000000000    1     3.036872898470133     174.0
GEN2:300833B2DDD9014000000000    4     2.792526803190927     160.0

GEN2:300833B2DDD9014000000000    3     1.1693705988362006     67.0
GEN2:300833B2DDD9014000000000    1     3.0892327760299634     177.0
GEN2:300833B2DDD9014000000000    4     2.6878070480712677     154.0

GEN2:300833B2DDD9014000000000    3     0.8726646259971648     50.0
GEN2:300833B2DDD9014000000000    1     0.19198621771937624     11.0
GEN2:300833B2DDD9014000000000    4     2.792526803190927     160.0

GEN2:300833B2DDD9014000000000    3     0.9250245035569946     53.0
GEN2:300833B2DDD9014000000000    1     0.08726646259971647     5.0
GEN2:300833B2DDD9014000000000    4     2.740166925631097     157.0

GEN2:300833B2DDD9014000000000    3     0.9773843811168246     56.0
GEN2:300833B2DDD9014000000000    1     2.8797932657906435     165.0
GEN2:300833B2DDD9014000000000    4     2.8797932657906435     165.0

GEN2:300833B2DDD9014000000000    3     0.7330382858376184     42.0
GEN2:300833B2DDD9014000000000    1     0.03490658503988659     2.0
GEN2:300833B2DDD9014000000000    4     2.6354471705114375     151.0

GEN2:300833B2DDD9014000000000    3     0.9250245035569946     53.0
GEN2:300833B2DDD9014000000000    1     0.0     0.0
GEN2:300833B2DDD9014000000000    4     2.6354471705114375     151.0

GEN2:300833B2DDD9014000000000    3     0.8203047484373349     47.0
GEN2:300833B2DDD9014000000000    1     0.08726646259971647     5.0
GEN2:300833B2DDD9014000000000    4     2.9845130209103035     171.0

GEN2:300833B2DDD9014000000000    3     0.8726646259971648     50.0
GEN2:300833B2DDD9014000000000    1     0.19198621771937624     11.0
GEN2:300833B2DDD9014000000000    4     2.740166925631097     157.0

GEN2:300833B2DDD9014000000000    3     0.9250245035569946     53.0
GEN2:300833B2DDD9014000000000    1     2.844886680750757     163.0
GEN2:300833B2DDD9014000000000    4     2.6354471705114375     151.0

GEN2:300833B2DDD9014000000000    3     1.117010721276371     64.0
GEN2:300833B2DDD9014000000000    1     2.8797932657906435     165.0
GEN2:300833B2DDD9014000000000    4     2.792526803190927     160.0

GEN2:300833B2DDD9014000000000    3     0.9250245035569946     53.0
GEN2:300833B2DDD9014000000000    1     2.9321531433504737     168.0
GEN2:300833B2DDD9014000000000    4     2.740166925631097     157.0

GEN2:300833B2DDD9014000000000    3     1.117010721276371     64.0
GEN2:300833B2DDD9014000000000    1     0.24434609527920614     14.0
GEN2:300833B2DDD9014000000000    4     2.600540585471551     149.0

GEN2:300833B2DDD9014000000000    3     0.7853981633974483     45.0
GEN2:300833B2DDD9014000000000    1     0.19198621771937624     11.0
GEN2:300833B2DDD9014000000000    4     3.036872898470133     174.0

GEN2:300833B2DDD9014000000000    3     0.8726646259971648     50.0
GEN2:300833B2DDD9014000000000    1     0.19198621771937624     11.0
GEN2:300833B2DDD9014000000000    4     2.740166925631097     157.0

GEN2:300833B2DDD9014000000000    3     0.8203047484373349     47.0
GEN2:300833B2DDD9014000000000    1     0.08726646259971647     5.0
GEN2:300833B2DDD9014000000000    4     2.6354471705114375     151.0

GEN2:300833B2DDD9014000000000    3     0.6806784082777885     39.0
GEN2:300833B2DDD9014000000000    1     3.0892327760299634     177.0
GEN2:300833B2DDD9014000000000    4     2.844886680750757     163.0

END OF TEST RUN FOR 3 sec
GEN2:300833B2DDD9014000000000    3     0.5235987755982988     30.0
GEN2:300833B2DDD9014000000000    1     0.08726646259971647     5.0
GEN2:300833B2DDD9014000000000    4     3.036872898470133     174.0

GEN2:300833B2DDD9014000000000    3     0.8726646259971648     50.0
GEN2:300833B2DDD9014000000000    1     0.0     0.0
GEN2:300833B2DDD9014000000000    4     2.6878070480712677     154.0

GEN2:300833B2DDD9014000000000    3     0.8203047484373349     47.0
GEN2:300833B2DDD9014000000000    1     0.13962634015954636     8.0
GEN2:300833B2DDD9014000000000    4     2.6354471705114375     151.0

GEN2:300833B2DDD9014000000000    3     1.0297442586766543     59.0
GEN2:300833B2DDD9014000000000    1     0.03490658503988659     2.0
GEN2:300833B2DDD9014000000000    4     2.9321531433504737     168.0

GEN2:300833B2DDD9014000000000    3     1.117010721276371     64.0
GEN2:300833B2DDD9014000000000    1     2.9845130209103035     171.0
GEN2:300833B2DDD9014000000000    4     2.792526803190927     160.0

GEN2:300833B2DDD9014000000000    3     0.13962634015954636     8.0
GEN2:300833B2DDD9014000000000    1     2.9321531433504737     168.0
GEN2:300833B2DDD9014000000000    4     2.740166925631097     157.0

GEN2:300833B2DDD9014000000000    3     0.9773843811168246     56.0
GEN2:300833B2DDD9014000000000    1     2.740166925631097     157.0
GEN2:300833B2DDD9014000000000    4     2.740166925631097     157.0

GEN2:300833B2DDD9014000000000    3     1.064650843716541     61.0
GEN2:300833B2DDD9014000000000    1     0.0     0.0
GEN2:300833B2DDD9014000000000    4     2.600540585471551     149.0

GEN2:300833B2DDD9014000000000    3     0.5235987755982988     30.0
GEN2:300833B2DDD9014000000000    1     0.0     0.0
GEN2:300833B2DDD9014000000000    4     2.844886680750757     163.0

GEN2:300833B2DDD9014000000000    3     0.9250245035569946     53.0
GEN2:300833B2DDD9014000000000    1     2.9845130209103035     171.0
GEN2:300833B2DDD9014000000000    4     2.740166925631097     157.0

GEN2:300833B2DDD9014000000000    3     0.7330382858376184     42.0
GEN2:300833B2DDD9014000000000    1     0.08726646259971647     5.0
GEN2:300833B2DDD9014000000000    4     2.6878070480712677     154.0

GEN2:300833B2DDD9014000000000    3     0.8203047484373349     47.0
GEN2:300833B2DDD9014000000000    1     2.9321531433504737     168.0
GEN2:300833B2DDD9014000000000    4     2.740166925631097     157.0

GEN2:300833B2DDD9014000000000    3     1.117010721276371     64.0
GEN2:300833B2DDD9014000000000    1     3.036872898470133     174.0
GEN2:300833B2DDD9014000000000    4     2.844886680750757     163.0

GEN2:300833B2DDD9014000000000    3     0.5759586531581288     33.0
GEN2:300833B2DDD9014000000000    1     0.24434609527920614     14.0
GEN2:300833B2DDD9014000000000    4     2.6354471705114375     151.0

GEN2:300833B2DDD9014000000000    3     0.5235987755982988     30.0
GEN2:300833B2DDD9014000000000    1     3.036872898470133     174.0
GEN2:300833B2DDD9014000000000    4     2.6878070480712677     154.0

GEN2:300833B2DDD9014000000000    3     0.8726646259971648     50.0
GEN2:300833B2DDD9014000000000    1     0.08726646259971647     5.0
GEN2:300833B2DDD9014000000000    4     2.8797932657906435     165.0

GEN2:300833B2DDD9014000000000    3     0.9250245035569946     53.0
GEN2:300833B2DDD9014000000000    1     3.036872898470133     174.0
GEN2:300833B2DDD9014000000000    4     2.740166925631097     157.0

GEN2:300833B2DDD9014000000000    3     0.5759586531581288     33.0
GEN2:300833B2DDD9014000000000    1     2.9845130209103035     171.0
GEN2:300833B2DDD9014000000000    4     2.740166925631097     157.0

GEN2:300833B2DDD9014000000000    3     0.7330382858376184     42.0
GEN2:300833B2DDD9014000000000    1     0.2792526803190927     16.0
GEN2:300833B2DDD9014000000000    4     2.792526803190927     160.0

GEN2:300833B2DDD9014000000000    3     0.5235987755982988     30.0
GEN2:300833B2DDD9014000000000    1     0.0     0.0
GEN2:300833B2DDD9014000000000    4     2.740166925631097     157.0

END OF TEST RUN FOR 3 sec
